(0,0.0669)(1000,0.0676)(2000,0.0683)(3000,0.069)(4000,0.0696)
(5000,0.0703)(6000,0.071)(7000,0.0717)(8000,0.0725)(9000,0.0732)
(10000,0.0739)(11000,0.0747)(12000,0.0754)(13000,0.0761)(14000,0.0769)
(15000,0.0777)(16000,0.0785)(17000,0.0792)(18000,0.08)(19000,0.0808)
(20000,0.0816)(21000,0.0824)(22000,0.0833)(23000,0.0841)(24000,0.0849)
(25000,0.0858)(26000,0.0866)(27000,0.0875)(28000,0.0884)(29000,0.0892)
(30000,0.0901)(31000,0.091)(32000,0.0919)(33000,0.0929)(34000,0.0938)
(35000,0.0947)(36000,0.0957)(37000,0.0966)(38000,0.0976)(39000,0.0985)
(40000,0.0995)(41000,0.1005)(42000,0.1015)(43000,0.1025)(44000,0.1035)
(45000,0.1046)(46000,0.1056)(47000,0.1067)(48000,0.1077)(49000,0.1088)
(50000,0.1099)(51000,0.111)(52000,0.1121)(53000,0.1132)(54000,0.1143)
(55000,0.1154)(56000,0.1166)(57000,0.1177)(58000,0.1189)(59000,0.1201)
(60000,0.1213)(61000,0.1225)(62000,0.1237)(63000,0.1249)(64000,0.1262)
(65000,0.1274)(66000,0.1287)(67000,0.13)(68000,0.1313)(69000,0.1326)
(70000,0.1339)(71000,0.1352)(72000,0.1365)(73000,0.1379)(74000,0.1393)
(75000,0.1406)(76000,0.142)(77000,0.1434)(78000,0.1449)(79000,0.1463)
(80000,0.1477)(81000,0.1492)(82000,0.1507)(83000,0.1522)(84000,0.1537)
(85000,0.1552)(86000,0.1567)(87000,0.1583)(88000,0.1598)(89000,0.1614)
(90000,0.163)(91000,0.1646)(92000,0.1663)(93000,0.1679)(94000,0.1696)
(95000,0.1712)(96000,0.1729)(97000,0.1746)(98000,0.1764)(99000,0.1781)
(1e+05,0.1799)(101000,0.1816)(102000,0.1834)(103000,0.1852)(104000,0.1871)
(105000,0.1889)(106000,0.1908)(107000,0.1927)(108000,0.1946)(109000,0.1965)
(110000,0.1984)(111000,0.2004)(112000,0.2023)(113000,0.2043)(114000,0.2063)
(115000,0.2084)(116000,0.2104)(117000,0.2125)(118000,0.2146)(119000,0.2167)
(120000,0.2188)(121000,0.221)(122000,0.2231)(123000,0.2253)(124000,0.2275)
(125000,0.2298)(126000,0.232)(127000,0.2343)(128000,0.2366)(129000,0.2389)
(130000,0.2413)(131000,0.2436)(132000,0.246)(133000,0.2484)(134000,0.2509)
(135000,0.2533)(136000,0.2558)(137000,0.2583)(138000,0.2608)(139000,0.2634)
(140000,0.266)(141000,0.2686)(142000,0.2712)(143000,0.2738)(144000,0.2765)
(145000,0.2792)(146000,0.282)(147000,0.2847)(148000,0.2875)(149000,0.2903)
(150000,0.2931)(151000,0.296)(152000,0.2989)(153000,0.3018)(154000,0.3047)
(155000,0.3077)(156000,0.3107)(157000,0.3137)(158000,0.3168)(159000,0.3198)
(160000,0.323)(161000,0.3261)(162000,0.3293)(163000,0.3325)(164000,0.3357)
(165000,0.339)(166000,0.3422)(167000,0.3456)(168000,0.3489)(169000,0.3523)
(170000,0.3557)(171000,0.3592)(172000,0.3626)(173000,0.3661)(174000,0.3697)
(175000,0.3733)(176000,0.3769)(177000,0.3805)(178000,0.3842)(179000,0.3879)
(180000,0.3917)(181000,0.3954)(182000,0.3993)(183000,0.4031)(184000,0.407)
(185000,0.4109)(186000,0.4149)(187000,0.4189)(188000,0.4229)(189000,0.427)
(190000,0.4311)(191000,0.4352)(192000,0.4394)(193000,0.4436)(194000,0.4479)
(195000,0.4522)(196000,0.4565)(197000,0.4609)(198000,0.4653)(199000,0.4698)
(2e+05,0.4743)(201000,0.4788)(202000,0.4834)(203000,0.488)(204000,0.4927)
(205000,0.4974)(206000,0.5021)(207000,0.5069)(208000,0.5117)(209000,0.5166)
(210000,0.5215)(211000,0.5265)(212000,0.5315)(213000,0.5366)(214000,0.5417)
(215000,0.5468)(216000,0.552)(217000,0.5572)(218000,0.5625)(219000,0.5679)
(220000,0.5732)(221000,0.5787)(222000,0.5841)(223000,0.5897)(224000,0.5952)
(225000,0.6009)(226000,0.6065)(227000,0.6123)(228000,0.618)(229000,0.6239)
(230000,0.6297)(231000,0.6357)(232000,0.6416)(233000,0.6477)(234000,0.6538)
(235000,0.6599)(236000,0.6661)(237000,0.6723)(238000,0.6786)(239000,0.685)
(240000,0.6914)(241000,0.6978)(242000,0.7044)(243000,0.7109)(244000,0.7176)
(245000,0.7243)(246000,0.731)(247000,0.7378)(248000,0.7447)(249000,0.7516)
(250000,0.7586)(251000,0.7656)(252000,0.7727)(253000,0.7799)(254000,0.7871)
(255000,0.7944)(256000,0.8017)(257000,0.8091)(258000,0.8166)(259000,0.8241)
(260000,0.8317)(261000,0.8394)(262000,0.8471)(263000,0.8549)(264000,0.8627)
(265000,0.8707)(266000,0.8786)(267000,0.8867)(268000,0.8948)(269000,0.903)
(270000,0.9112)(271000,0.9195)(272000,0.9279)(273000,0.9364)(274000,0.9449)
(275000,0.9535)(276000,0.9622)(277000,0.9709)(278000,0.9797)(279000,0.9886)
(280000,0.9975)(281000,1.0065)(282000,1.0156)(283000,1.0248)(284000,1.034)
(285000,1.0433)(286000,1.0527)(287000,1.0621)(288000,1.0717)(289000,1.0813)
(290000,1.091)(291000,1.1007)(292000,1.1106)(293000,1.1205)(294000,1.1305)
(295000,1.1405)(296000,1.1507)(297000,1.1609)(298000,1.1712)(299000,1.1816)
(3e+05,1.192)(301000,1.2026)(302000,1.2132)(303000,1.2239)(304000,1.2347)
(305000,1.2455)(306000,1.2565)(307000,1.2675)(308000,1.2786)(309000,1.2898)
(310000,1.3011)(311000,1.3124)(312000,1.3239)(313000,1.3354)(314000,1.347)
(315000,1.3587)(316000,1.3705)(317000,1.3824)(318000,1.3943)(319000,1.4064)
(320000,1.4185)(321000,1.4307)(322000,1.443)(323000,1.4554)(324000,1.4679)
(325000,1.4805)(326000,1.4931)(327000,1.5059)(328000,1.5187)(329000,1.5316)
(330000,1.5447)(331000,1.5578)(332000,1.571)(333000,1.5842)(334000,1.5976)
(335000,1.6111)(336000,1.6247)(337000,1.6383)(338000,1.652)(339000,1.6659)
(340000,1.6798)(341000,1.6938)(342000,1.708)(343000,1.7222)(344000,1.7365)
(345000,1.7509)(346000,1.7654)(347000,1.7799)(348000,1.7946)(349000,1.8094)
(350000,1.8243)(351000,1.8392)(352000,1.8543)(353000,1.8694)(354000,1.8847)
(355000,1.9)(356000,1.9155)(357000,1.931)(358000,1.9466)(359000,1.9623)
(360000,1.9782)(361000,1.9941)(362000,2.0101)(363000,2.0262)(364000,2.0424)
(365000,2.0587)(366000,2.0751)(367000,2.0916)(368000,2.1082)(369000,2.1249)
(370000,2.1417)(371000,2.1585)(372000,2.1755)(373000,2.1926)(374000,2.2097)
(375000,2.227)(376000,2.2444)(377000,2.2618)(378000,2.2794)(379000,2.297)
(380000,2.3148)(381000,2.3326)(382000,2.3505)(383000,2.3685)(384000,2.3867)
(385000,2.4049)(386000,2.4232)(387000,2.4416)(388000,2.4601)(389000,2.4787)
(390000,2.4974)(391000,2.5162)(392000,2.5351)(393000,2.554)(394000,2.5731)
(395000,2.5923)(396000,2.6115)(397000,2.6308)(398000,2.6503)(399000,2.6698)
(4e+05,2.6894)(401000,2.7091)(402000,2.7289)(403000,2.7488)(404000,2.7688)
(405000,2.7888)(406000,2.809)(407000,2.8292)(408000,2.8496)(409000,2.87)
(410000,2.8905)(411000,2.9111)(412000,2.9318)(413000,2.9525)(414000,2.9734)
(415000,2.9943)(416000,3.0153)(417000,3.0365)(418000,3.0576)(419000,3.0789)
(420000,3.1003)(421000,3.1217)(422000,3.1432)(423000,3.1648)(424000,3.1865)
(425000,3.2082)(426000,3.23)(427000,3.2519)(428000,3.2739)(429000,3.296)
(430000,3.3181)(431000,3.3403)(432000,3.3626)(433000,3.385)(434000,3.4074)
(435000,3.4299)(436000,3.4525)(437000,3.4751)(438000,3.4978)(439000,3.5206)
(440000,3.5434)(441000,3.5663)(442000,3.5893)(443000,3.6124)(444000,3.6355)
(445000,3.6586)(446000,3.6819)(447000,3.7052)(448000,3.7285)(449000,3.7519)
(450000,3.7754)(451000,3.7989)(452000,3.8225)(453000,3.8462)(454000,3.8699)
(455000,3.8936)(456000,3.9174)(457000,3.9413)(458000,3.9652)(459000,3.9891)
(460000,4.0131)(461000,4.0372)(462000,4.0613)(463000,4.0854)(464000,4.1096)
(465000,4.1338)(466000,4.1581)(467000,4.1824)(468000,4.2068)(469000,4.2311)
(470000,4.2556)(471000,4.28)(472000,4.3045)(473000,4.3291)(474000,4.3536)
(475000,4.3782)(476000,4.4029)(477000,4.4275)(478000,4.4522)(479000,4.4769)
(480000,4.5017)(481000,4.5264)(482000,4.5512)(483000,4.576)(484000,4.6009)
(485000,4.6257)(486000,4.6506)(487000,4.6755)(488000,4.7004)(489000,4.7253)
(490000,4.7502)(491000,4.7752)(492000,4.8001)(493000,4.8251)(494000,4.85)
(495000,4.875)(496000,4.9)(497000,4.925)(498000,4.95)(499000,4.975)
(5e+05,5)(501000,5.025)(502000,5.05)(503000,5.075)(504000,5.1)
(505000,5.125)(506000,5.15)(507000,5.1749)(508000,5.1999)(509000,5.2248)
(510000,5.2498)(511000,5.2747)(512000,5.2996)(513000,5.3245)(514000,5.3494)
(515000,5.3743)(516000,5.3991)(517000,5.424)(518000,5.4488)(519000,5.4736)
(520000,5.4983)(521000,5.5231)(522000,5.5478)(523000,5.5725)(524000,5.5971)
(525000,5.6218)(526000,5.6464)(527000,5.6709)(528000,5.6955)(529000,5.72)
(530000,5.7444)(531000,5.7689)(532000,5.7932)(533000,5.8176)(534000,5.8419)
(535000,5.8662)(536000,5.8904)(537000,5.9146)(538000,5.9387)(539000,5.9628)
(540000,5.9869)(541000,6.0109)(542000,6.0348)(543000,6.0587)(544000,6.0826)
(545000,6.1064)(546000,6.1301)(547000,6.1538)(548000,6.1775)(549000,6.2011)
(550000,6.2246)(551000,6.2481)(552000,6.2715)(553000,6.2948)(554000,6.3181)
(555000,6.3414)(556000,6.3645)(557000,6.3876)(558000,6.4107)(559000,6.4337)
(560000,6.4566)(561000,6.4794)(562000,6.5022)(563000,6.5249)(564000,6.5475)
(565000,6.5701)(566000,6.5926)(567000,6.615)(568000,6.6374)(569000,6.6597)
(570000,6.6819)(571000,6.704)(572000,6.7261)(573000,6.7481)(574000,6.77)
(575000,6.7918)(576000,6.8135)(577000,6.8352)(578000,6.8568)(579000,6.8783)
(580000,6.8997)(581000,6.9211)(582000,6.9424)(583000,6.9635)(584000,6.9847)
(585000,7.0057)(586000,7.0266)(587000,7.0475)(588000,7.0682)(589000,7.0889)
(590000,7.1095)(591000,7.13)(592000,7.1504)(593000,7.1708)(594000,7.191)
(595000,7.2112)(596000,7.2312)(597000,7.2512)(598000,7.2711)(599000,7.2909)
(6e+05,7.3106)(601000,7.3302)(602000,7.3497)(603000,7.3692)(604000,7.3885)
(605000,7.4077)(606000,7.4269)(607000,7.446)(608000,7.4649)(609000,7.4838)
(610000,7.5026)(611000,7.5213)(612000,7.5399)(613000,7.5584)(614000,7.5768)
(615000,7.5951)(616000,7.6133)(617000,7.6315)(618000,7.6495)(619000,7.6674)
(620000,7.6852)(621000,7.703)(622000,7.7206)(623000,7.7382)(624000,7.7556)
(625000,7.773)(626000,7.7903)(627000,7.8074)(628000,7.8245)(629000,7.8415)
(630000,7.8583)(631000,7.8751)(632000,7.8918)(633000,7.9084)(634000,7.9249)
(635000,7.9413)(636000,7.9576)(637000,7.9738)(638000,7.9899)(639000,8.0059)
(640000,8.0218)(641000,8.0377)(642000,8.0534)(643000,8.069)(644000,8.0845)
(645000,8.1)(646000,8.1153)(647000,8.1306)(648000,8.1457)(649000,8.1608)
(650000,8.1757)(651000,8.1906)(652000,8.2054)(653000,8.2201)(654000,8.2346)
(655000,8.2491)(656000,8.2635)(657000,8.2778)(658000,8.292)(659000,8.3062)
(660000,8.3202)(661000,8.3341)(662000,8.348)(663000,8.3617)(664000,8.3753)
(665000,8.3889)(666000,8.4024)(667000,8.4158)(668000,8.429)(669000,8.4422)
(670000,8.4553)(671000,8.4684)(672000,8.4813)(673000,8.4941)(674000,8.5069)
(675000,8.5195)(676000,8.5321)(677000,8.5446)(678000,8.557)(679000,8.5693)
(680000,8.5815)(681000,8.5936)(682000,8.6057)(683000,8.6176)(684000,8.6295)
(685000,8.6413)(686000,8.653)(687000,8.6646)(688000,8.6761)(689000,8.6876)
(690000,8.6989)(691000,8.7102)(692000,8.7214)(693000,8.7325)(694000,8.7435)
(695000,8.7545)(696000,8.7653)(697000,8.7761)(698000,8.7868)(699000,8.7974)
(7e+05,8.808)(701000,8.8184)(702000,8.8288)(703000,8.8391)(704000,8.8493)
(705000,8.8595)(706000,8.8695)(707000,8.8795)(708000,8.8894)(709000,8.8993)
(710000,8.909)(711000,8.9187)(712000,8.9283)(713000,8.9379)(714000,8.9473)
(715000,8.9567)(716000,8.966)(717000,8.9752)(718000,8.9844)(719000,8.9935)
(720000,9.0025)(721000,9.0114)(722000,9.0203)(723000,9.0291)(724000,9.0378)
(725000,9.0465)(726000,9.0551)(727000,9.0636)(728000,9.0721)(729000,9.0805)
(730000,9.0888)(731000,9.097)(732000,9.1052)(733000,9.1133)(734000,9.1214)
(735000,9.1293)(736000,9.1373)(737000,9.1451)(738000,9.1529)(739000,9.1606)
(740000,9.1683)(741000,9.1759)(742000,9.1834)(743000,9.1909)(744000,9.1983)
(745000,9.2056)(746000,9.2129)(747000,9.2201)(748000,9.2273)(749000,9.2344)
(750000,9.2414)(751000,9.2484)(752000,9.2553)(753000,9.2622)(754000,9.269)
(755000,9.2757)(756000,9.2824)(757000,9.2891)(758000,9.2956)(759000,9.3022)
(760000,9.3086)(761000,9.315)(762000,9.3214)(763000,9.3277)(764000,9.3339)
(765000,9.3401)(766000,9.3462)(767000,9.3523)(768000,9.3584)(769000,9.3643)
(770000,9.3703)(771000,9.3761)(772000,9.382)(773000,9.3877)(774000,9.3935)
(775000,9.3991)(776000,9.4048)(777000,9.4103)(778000,9.4159)(779000,9.4213)
(780000,9.4268)(781000,9.4321)(782000,9.4375)(783000,9.4428)(784000,9.448)
(785000,9.4532)(786000,9.4583)(787000,9.4634)(788000,9.4685)(789000,9.4735)
(790000,9.4785)(791000,9.4834)(792000,9.4883)(793000,9.4931)(794000,9.4979)
(795000,9.5026)(796000,9.5073)(797000,9.512)(798000,9.5166)(799000,9.5212)
(8e+05,9.5257)(801000,9.5302)(802000,9.5347)(803000,9.5391)(804000,9.5435)
(805000,9.5478)(806000,9.5521)(807000,9.5564)(808000,9.5606)(809000,9.5648)
(810000,9.5689)(811000,9.573)(812000,9.5771)(813000,9.5811)(814000,9.5851)
(815000,9.5891)(816000,9.593)(817000,9.5969)(818000,9.6007)(819000,9.6046)
(820000,9.6083)(821000,9.6121)(822000,9.6158)(823000,9.6195)(824000,9.6231)
(825000,9.6267)(826000,9.6303)(827000,9.6339)(828000,9.6374)(829000,9.6408)
(830000,9.6443)(831000,9.6477)(832000,9.6511)(833000,9.6544)(834000,9.6578)
(835000,9.661)(836000,9.6643)(837000,9.6675)(838000,9.6707)(839000,9.6739)
(840000,9.677)(841000,9.6802)(842000,9.6832)(843000,9.6863)(844000,9.6893)
(845000,9.6923)(846000,9.6953)(847000,9.6982)(848000,9.7011)(849000,9.704)
(850000,9.7069)(851000,9.7097)(852000,9.7125)(853000,9.7153)(854000,9.718)
(855000,9.7208)(856000,9.7235)(857000,9.7262)(858000,9.7288)(859000,9.7314)
(860000,9.734)(861000,9.7366)(862000,9.7392)(863000,9.7417)(864000,9.7442)
(865000,9.7467)(866000,9.7491)(867000,9.7516)(868000,9.754)(869000,9.7564)
(870000,9.7587)(871000,9.7611)(872000,9.7634)(873000,9.7657)(874000,9.768)
(875000,9.7702)(876000,9.7725)(877000,9.7747)(878000,9.7769)(879000,9.779)
(880000,9.7812)(881000,9.7833)(882000,9.7854)(883000,9.7875)(884000,9.7896)
(885000,9.7916)(886000,9.7937)(887000,9.7957)(888000,9.7977)(889000,9.7996)
(890000,9.8016)(891000,9.8035)(892000,9.8054)(893000,9.8073)(894000,9.8092)
(895000,9.8111)(896000,9.8129)(897000,9.8148)(898000,9.8166)(899000,9.8184)
(9e+05,9.8201)(901000,9.8219)(902000,9.8236)(903000,9.8254)(904000,9.8271)
(905000,9.8288)(906000,9.8304)(907000,9.8321)(908000,9.8337)(909000,9.8354)
(910000,9.837)(911000,9.8386)(912000,9.8402)(913000,9.8417)(914000,9.8433)
(915000,9.8448)(916000,9.8463)(917000,9.8478)(918000,9.8493)(919000,9.8508)
(920000,9.8523)(921000,9.8537)(922000,9.8551)(923000,9.8566)(924000,9.858)
(925000,9.8594)(926000,9.8607)(927000,9.8621)(928000,9.8635)(929000,9.8648)
(930000,9.8661)(931000,9.8674)(932000,9.8687)(933000,9.87)(934000,9.8713)
(935000,9.8726)(936000,9.8738)(937000,9.8751)(938000,9.8763)(939000,9.8775)
(940000,9.8787)(941000,9.8799)(942000,9.8811)(943000,9.8823)(944000,9.8834)
(945000,9.8846)(946000,9.8857)(947000,9.8868)(948000,9.8879)(949000,9.889)
(950000,9.8901)(951000,9.8912)(952000,9.8923)(953000,9.8933)(954000,9.8944)
(955000,9.8954)(956000,9.8965)(957000,9.8975)(958000,9.8985)(959000,9.8995)
(960000,9.9005)(961000,9.9015)(962000,9.9024)(963000,9.9034)(964000,9.9043)
(965000,9.9053)(966000,9.9062)(967000,9.9071)(968000,9.9081)(969000,9.909)
(970000,9.9099)(971000,9.9108)(972000,9.9116)(973000,9.9125)(974000,9.9134)
(975000,9.9142)(976000,9.9151)(977000,9.9159)(978000,9.9167)(979000,9.9176)
(980000,9.9184)(981000,9.9192)(982000,9.92)(983000,9.9208)(984000,9.9215)
(985000,9.9223)(986000,9.9231)(987000,9.9239)(988000,9.9246)(989000,9.9253)
(990000,9.9261)(991000,9.9268)(992000,9.9275)(993000,9.9283)(994000,9.929)
(995000,9.9297)(996000,9.9304)(997000,9.931)(998000,9.9317)(999000,9.9324)
(1e+06,9.9331)
