"t"
4715.5
11228.08
8266.91
1019.29
39772.88
3340.21
1287.82
1157.36
1572.09
460.4
6122.9
541.9
5847.95
471.96
73889.14
2067.62
7226.65
4123.51
813.43
4326.47
5832.46
1303.83
4117.65
2522.59
1220.04
4170.22
2197.07
877.9
5187.19
3569.01
1702.47
1816.65
1177.62
495.98
4144.98
2819.82
10709.3
302.72
1740.9
277.62
7381.9
1378.42
1231.58
740.56
1803.97
741.16
319.04
1236.33
1603.26
630.72
1347.58
525.13
3804.29
2112.99
1761.4
2143.16
1330.77
1198.72
910.16
1947.45
12464.89
964.77
3951.6
1200.59
3006.06
1246.23
5444.57
1721.46
2039.6
414.69
457.07
9173.29
1904.43
2080.66
3177.35
1076.04
2716.93
4039.92
1434.47
2876.28
1433.1
660.16
4472.3
1437.13
1923.4
1798.87
554.97
6265.13
2221.4
1147.55
3663.21
443.65
3763.56
1905.93
325.29
394.81
1241.83
696.67
115.19
709.16
193.13
922.2
579.82
3532.23
935.81
1444.99
2109.92
1661.13
1033.77
751.37
3318.72
1469.96
12944.14
2059.32
11693.69
2725.5
1882.41
964.63
87.81
437.03
467.29
3007.89
2415.85
5595.88
1707.55
722.81
1780.85
6447.1
10853.23
2499.26
3420.83
797.24
394.45
1603.29
25571.36
532.54
1911.31
2680.97
8075.85
718.67
589.03
5075.69
278.94
872.54
855.72
512.51
2636.06
294.48
2002.16
263.98
2551.34
13933.84
2046.12
920.59
748.35
1437.54
877.83
2458.91
1889.69
581.97
2859.84
1266.78
2152.99
760.42
3158.47
2780.63
1880.38
116.81
468.47
575.77
6357.34
754.63
1068.37
3195.41
1157.2
207.96
683.33
3318.93
3968
3322.28
2952.28
327.55
6309.51
56474.55
343.47
1667.9
1892.14
4785.65
5962.27
1473.23
5648.73
3110.7
663.73
2289.63
1253.55
9796.55
327.16
1625.57
753.3
3303.25
5264.37
834.75
1087.98
1611.12
3956.63
2522.23
6850.35
979.32
973.4
8327.52
2755
613.58
632.43
1400.24
1063.41
11730.06
1967.5
1858.69
1757.93
1129.22
2114.81
1828.44
8580.38
510.74
3313.1
414.95
738.25
2123.63
7084.95
377.95
596.28
441.65
2794.41
1361.38
2189.35
1666.84
1698.16
1338.64
379.26
602.14
928.58
549.24
368.55
2175.79
3149.88
5758.99
982.12
963.84
1033.93
6387.28
498.14
17549.15
1026.37
2124.81
467.44
4267.06
2704.2
1457.84
6319.32
2180.42
603.52
630.69
4656.58
1253.13
257.92
3145.06
3829.34
2253.87
847.89
1056.35
1233.25
2598.07
3364.24
1536.83
3522.41
1713.27
520.06
321.83
2605.47
1771.26
297.4
7041.46
2325.66
76.06
644.28
933.43
1670.75
1921.32
4817.99
446.94
2866.14
817.21
130.32
1008.55
1964.81
361.01
2049.97
10320.19
1328.85
635.28
921.5
7816.77
10671.02
663.71
735.24
3548.47
4560.28
1233.59
5806.47
3087.65
5922.36
16207.74
2912.64
611.8
708.89
7620.69
786.55
10460.55
2297.59
477.09
1709.36
410.03
1946.8
83.36
314.82
17728.26
268.55
712.26
617.06
273.79
3082.72
6203.99
1701.3
6185.23
5597.58
3375.42
329.34
1770.07
709.94
19389.4
1769.73
1481.61
1662.44
47.17
5532.21
11093.56
1254.38
817.59
2559.6
4398.26
6161.65
7338.81
5971.02
7405.98
1256.14
1323.46
7987.07
2048.86
301.93
624.98
10985.52
14000.03
1951.28
1784.61
512.62
5428.96
1490.9
9482.51
3757.53
580.19
34643.67
4759.71
1129.44
25074.64
3317.54
9565.08
5411.85
2162.67
780.63
164.95
975.03
1184.31
990.02
3875.24
510.54
742.66
5782.7
3461.96
177.97
206.19
902.46
280.8
2791.56
2911.42
629.31
1359.44
2687.02
151.95
1123.56
641.99
1587.26
6322.68
3325.66
2350.97
2069.11
1580.45
4675.16
399.22
741.38
4667.54
222.63
1503.41
1136.11
467.81
7434.6
1870.62
2383.67
3047.03
1540.23
1899.34
1319.85
4807.56
2119.42
86.06
307.98
325.92
1621.57
472.19
3729.01
1592.07
125.37
1508.78
1037.73
749.03
613.04
428.94
2027.47
1979.92
764.21
5908.09
2160.89
696.49
794.03
25168.11
902.19
173.08
2599.41
407.92
1813.04
373.91
1047.03
20519.17
129.12
2766.58
1084.8
9178.69
209.6
10845.69
858.13
403.28
1348.01
5157.84
813.59
832.53
772.25
209.7
1125.92
3558.75
16519.97
2456.3
612.81
690.6
1558.17
85.84
5753.11
744.67
2511.84
5599.2
646.26
1455.8
2169.52
846.26
1969.55
2893.69
11731.73
4103.98
2637.31
886.29
383.62
2749.21
379.64
197.9
843.84
1040.51
11356.66
1016.07
222.65
480.44
4360.29
2315.85
9572.58
717.28
8771.15
3592.16
6375.7
286.61
406.75
1014.36
361.39
10037.36
2904.06
22001.82
1296.79
603.56
324.66
3757.49
827.58
3273.24
14528.42
402.61
2706.15
992.4
9595.63
1158.76
937.94
711.13
6224.37
1565.37
11492.93
13167.94
1360.34
1041.39
897.21
546.14
2438.89
2722.52
613.2
89.34
121.85
1793.39
3561.62
239.34
648.82
4964.45
2360.3
7533.78
9408.8
2260.29
1706.8
1144.83
1456.36
1769.97
1731.24
1827.59
8484.17
6054.66
4309.02
155.45
1490.1
190.15
5704.89
523.28
6355.85
1800.95
1980.01
1592.56
234.65
2099.48
910.61
4216.7
157.48
1437.88
1537.54
1854.38
1257.12
2890.73
621
2731.59
2771.58
266.88
520.66
3607.04
1462.45
1276.61
1545.29
2298.75
270.07
441.57
1145.41
7557.38
509.23
3330.19
599.37
1369.21
3603.85
1227.8
657.16
295.09
5068.5
760.52
3327.88
2980.24
17836.64
5040.86
281.52
3047.51
187.64
1382.65
1770.12
2854.84
162.1
456.81
3500.86
630.92
2316.17
546.54
1076.97
653.56
552
287.26
769.5
45616.96
12332.48
5456.62
6044.32
2957.39
540.41
907.22
230.72
1342.95
938.6
3532.29
3914.76
1053.15
1210.35
1210.58
425.51
873.91
8493.02
653.69
135.52
2980.85
278.39
5184.56
1075.45
140.28
1221.5
711.8
3937.64
1172.92
1325.4
143.79
1554.37
1996.28
3131.68
1881.38
2887.83
1814.82
2823.4
1648.74
961.88
925.57
16399.17
4029.93
1373.78
516.78
2286.51
7076.82
2516
975.46
679.62
1124.28
1245.89
364.67
3852.64
110919.57
894.4
1814.41
3002.21
1003.71
6093.38
577.84
2237.39
680.84
1264.57
219
1359.25
2531.53
875.03
590.85
345.56
1533.94
2649.68
1973.92
1387.58
4011.47
2932.15
2200.4
4805.98
543.83
108.73
7038.16
3788.3
665.86
17616.81
9976.88
284.92
808.28
2267.62
2700.15
2563.78
1428.21
7351.47
12408.2
708.85
1608.99
3507.36
238.96
3999.67
1094.6
1894.74
6826.39
1665.93
3576.83
354.8
399.29
6693.03
6044.32
1347.03
5699.6
4972.42
348.85
1255.42
508.37
847.34
648.03
9282.52
1587.48
325.24
15682.74
995.65
796.12
3062.74
3321.98
764.42
786.02
2533.77
901.93
5156.4
953.97
1482.93
988.59
771.21
3732.78
1098.32
13245.47
1250.51
173.07
2453.47
251.22
1243.25
285.54
1397.34
8513.93
335.7
3347.52
2785.49
831.46
136.81
11127.43
1396.08
2826.66
172.47
806.5
8187.63
240.29
12321.76
476.71
1409.01
2454.1
8700.24
401.9
260.3
853.53
15611.32
4193.03
567.75
1253.62
1952.14
3727.42
315.06
481.1
1889.17
687.69
799.14
2777.06
2468.18
5221.78
13968.6
1814.51
1602.52
663.76
129.21
1111.37
9331.17
2398.08
1994.57
2605.75
780.03
7744.68
246.58
113
7429.97
190.66
2263.2
5838.29
4965.64
678.31
1521.76
457.23
530.29
566.32
482.65
984.31
1104.66
1137.08
321.35
3630.83
1622.01
3265.4
5075
3833.83
4893.66
418.98
722.95
3068.39
295.98
2873.45
532.49
14962.43
1802.19
1275.79
2970.78
2552.36
673.42
827.94
404.9
720.01
1040.14
1695.8
7434.25
570.83
99.46
1544.81
1288.97
2102.56
1076.82
562.29
3465.86
1963.82
1188.96
1890
829.65
6422.41
2902.84
1541.73
697.23
11234.66
3432.7
901.98
205.74
1347.44
607.97
1663.36
8046.08
635.77
10278.41
8744.44
2303.01
1763.26
1178.58
958.47
2979.3
2748.4
3392.8
4682.84
1226.96
1763.11
1934.04
1317.24
860.89
1245.01
1495.1
1426.85
273.44
1549.29
1397.66
11182.89
23400.01
751.46
270.08
5309.25
1594.01
1370.29
7493.17
887.21
1739.6
672.7
1431.82
97.67
3486.84
2535.21
544.75
8943.41
6276.99
4857.15
22885.92
934.79
7702.61
1666.15
23413.36
365.95
4725.64
2812.18
3878.23
1102.54
1093.05
17562.68
1071.82
2250.57
477.02
1280.04
495.71
6786.59
119.7
832.89
1684.84
251.51
2699.72
606.73
743.26
1544.72
900.72
352.59
925.95
1906.72
1137.13
4545.76
1561.26
513.1
2081.04
1003.67
345.38
10008.48
1824.6
1401.82
634.89
12110.75
1074.73
349.82
228.78
509.35
134.93
6422.57
2593.6
1024.26
296.64
5082.93
187.4
254.06
760.75
2490.16
4954.63
1213.73
531.42
3344.15
165.61
4440.78
8416.87
7440.65
13527.99
172.77
1928.8
1018.21
10343.57
727.11
3184.52
6921.98
7106.84
2524.12
4497.14
2740.09
692.46
3474.24
1235.3
1471.31
323.7
457.23
2219.99
2045.47
3267.16
3160.67
658.93
1995.24
3593.33
253.22
3668.3
1737.96
672.04
321.91
3185.29
475.86
4935.95
1021.18
1155.16
998.02
1801.4
319.37
3917.89
815.23
2222.79
5211.37
3242.84
217.63
6071.86
73.88
3524.6
4334.95
2084.37
1957.83
177.19
3397.17
267.15
321.37
1966.46
1848.94
3324.32
1113.37
571.9
2479.25
1679.93
4483.87
1337.56
430.04
4077.34
16179.34
987.15
297.88
704.48
15927.87
581.36
6173.53
4271.8
994.46
8378.01
20241.61
1321.27
992.13
1778.25
3914.27
243.44
4585
2457.33
8399.82
454.6
463.02
1687.36
6526.99
9686.61
226.41
1668.87
2137.52
3112.09
2270.06
2055.36
2105.68
116.77
870.64
692.27
587.86
1783.6
552.29
1023.45
1540.52
5211.02
776.52
3649.87
2056.08
3426.86
5393.52
2162.39
1644.56
421.18
1165.85
136.53
474.74
1432.7
680.68
1082.29
900.49
453.03
399
17663.43
1133.52
2426.04
9917.73
2558.38
2589.64
1913.24
1155.63
368.52
3388.16
294.48
734.87
876.27
932.1
6555.68
1857.97
2545.74
3438.18
2322.66
14423.66
869.51
1311.96
1971.72
384.8
1261.53
31837.36
456.3
838.74
2247.6
3801.12
982.73
1438.03
1713.57
4657.51
5358.08
16038.56
4959.8
594.64
4038.59
3807.67
2016.46
6410.11
7122.34
16011.58
2042.93
1728.8
36321.03
4860.6
561.5
4556.65
1382.35
6753.48
657.13
312.67
344.54
2102.84
292.77
630.59
6220.48
1467.2
2644.23
4376.64
11888.16
1169.07
651.27
2490.4
1320.82
1297.65
3095.85
4892.26
1708
2130.73
935.04
1631.87
783.15
1329.12
478.56
168.87
548.86
2967.39
3264.52
3963.54
8201.17
4154.44
510.6
373.1
9332.53
690.46
2229.88
1695.72
8201.24
1575
1901.21
709.31
4678.84
1153.11
2630.23
650.08
5176.63
5960.41
137.27
2617.31
3344.49
1140.82
2040.64
145.2
2481
226.53
670.72
6651.75
2983.16
3722.23
1401.32
3100.28
542.25
1979.92
3138.18
8124.28
199.21
3423.54
201.9
3830.09
4706.29
506.14
724.47
4884.01
1926.71
844.86
1791.02
5937.59
300.76
968.44
862.31
1832.11
1319.38
1331.34
9514.59
334.55
2630.27
2795.02
4537.57
324.59
414.72
514.06
672.84
711.58
287.65
741.28
4052.74
3704.23
1321.24
651.94
942.9
1669.72
17428
1748.45
846.74
991.58
4560.81
1455.15
352.81
259.41
575.83
3849.37
2066.64
2232.6
5400.76
330.18
377.35
5426.3
9632.63
330.7
962.85
2551.59
555.06
8198.39
192.07
3316.46
701.63
4043.68
603.81
9410.72
11312.7
180.3
520.38
590.54
1841.39
4917.82
2669.99
1562.62
4260.65
2012.69
3833.14
2938.94
811.81
607.67
1124.88
3525.66
239.54
1534.67
2973.3
2828.61
1173.02
412.81
2148.78
3169.28
845.27
704.88
494.97
1611.1
6752.34
2594.22
1765.61
1826.33
3282.67
1403.99
120.6
2342.07
2537.42
12942.31
314.9
1482.54
1459.44
3326.54
8937.54
3521.75
1556.53
451.35
1549.46
3773.85
1401.42
858.24
9163.85
1036.54
224.68
537.51
1837.06
886.28
1021.31
2346.32
2959.82
699.08
7365.57
