"t"
93
97
62
79
98
138
70
74
49
67
79
71
46
90
75
72
88
76
77
57
80
63
50
86
73
51
75
66
71
67
70
93
65
88
86
74
45
61
76
125
103
52
67
85
70
102
102
65
39
72
54
99
51
83
96
40
51
71
126
79
27
87
60
70
53
69
61
88
87
58
117
90
67
64
60
36
92
71
61
106
62
98
76
80
44
66
56
68
36
69
70
53
84
88
95
92
104
92
39
113
44
89
73
48
57
68
76
22
74
76
60
38
72
79
70
112
64
47
78
78
79
89
52
72
52
110
66
46
57
95
81
54
86
38
82
79
71
102
50
85
66
55
82
58
71
74
81
84
71
90
67
42
56
53
82
52
74
116
51
66
53
69
96
72
81
74
49
78
74
84
66
70
109
81
42
67
60
46
52
99
56
80
85
30
74
79
107
85
65
82
75
81
58
91
87
73
25
71
68
66
99
78
69
85
82
86
62
64
69
55
70
73
57
63
70
78
80
71
56
67
